1.580407899641122382e+00
7.367641346023173554e+00
1.593758566724121195e+00
1.595740320668211074e-29
3.029071657180761399e-30
0.000000000000000000e+00
5.179804196470715362e-30
-1.019554736567636894e-30
-8.177317996417622905e-32
-3.321243232321202116e-31
-9.241989868409554893e-31
-8.006504137424025900e-31
0.000000000000000000e+00
0.000000000000000000e+00
6.246741465873690835e-01
7.367641346023173554e+00
6.380248136703678963e-01
9.557337530537532988e-01
2.994306475249576551e-30
0.000000000000000000e+00
2.729235695355851795e-30
1.447171398583414246e-30
-1.007789872276514973e-31
-2.705060956186479150e-31
1.515954321856960353e-30
1.640713273850015623e-30
0.000000000000000000e+00
0.000000000000000000e+00
3.387150160193750370e-01
7.367641346023173554e+00
3.520656831023738498e-01
1.241692883621747345e+00
2.959800922139335499e-30
0.000000000000000000e+00
1.265468553441333903e-30
2.935341639579698522e-30
-1.190345153819603498e-31
-2.119724893277556806e-31
2.950159150362971823e-30
3.104210245353408569e-30
0.000000000000000000e+00
0.000000000000000000e+00
2.178912760329849152e-01
7.367641346023173554e+00
2.312419431159837280e-01
1.362516623608137412e+00
2.925552524420453425e-30
0.000000000000000000e+00
5.448919660089019485e-31
3.642117911930489128e-30
-1.365530884576447071e-31
-1.564221015098914392e-31
3.638839182878854866e-30
3.786979320147404050e-30
0.000000000000000000e+00
0.000000000000000000e+00
1.551787909742129989e-01
7.367641346023173554e+00
1.685294580572118117e-01
1.425229108666909328e+00
2.890872495903764612e-30
0.000000000000000000e+00
2.373930522947982837e-31
3.966918350189811197e-30
-1.532992175675179880e-31
-1.033272356594906422e-31
3.940812410063550861e-30
4.197030427611053302e-30
0.000000000000000000e+00
0.000000000000000000e+00
1.180072392804290410e-01
7.367641346023173554e+00
1.313579063634278676e-01
1.462400660360693383e+00
2.856225223013463161e-30
0.000000000000000000e+00
7.391527845304473967e-32
4.072704957421605480e-30
-1.692727825445810611e-31
-5.324688073364482162e-32
4.029128725503094220e-30
4.389208270509664311e-30
0.000000000000000000e+00
0.000000000000000000e+00
9.387136671410720168e-02
7.367641346023173554e+00
1.072220337971060145e-01
1.486536532927015042e+00
2.822122812765096077e-30
0.000000000000000000e+00
3.003180835475822254e-32
4.116815161515303861e-30
-1.844639383661745378e-31
-6.156374362911106173e-33
4.053229653253942327e-30
4.520414527252308703e-30
0.000000000000000000e+00
0.000000000000000000e+00
7.713456250329324415e-02
7.367641346023173554e+00
9.048522958629207080e-02
1.503273337137829069e+00
2.787538289845344378e-30
0.000000000000000000e+00
7.837909866688099202e-33
4.127534333952030208e-30
-1.988554501017108880e-31
3.794176549850930552e-32
4.045615660540985937e-30
4.619952401478396612e-30
0.000000000000000000e+00
0.000000000000000000e+00
6.494205059140667480e-02
7.367641346023173554e+00
7.829271767440550145e-02
1.515465849049715708e+00
2.753517598205431566e-30
0.000000000000000000e+00
-9.663917369752593401e-33
4.111228600851313583e-30
-2.123705088907733128e-31
7.922442536294130094e-32
4.011189255054487985e-30
4.627091393524272107e-30
0.000000000000000000e+00
0.000000000000000000e+00
5.571471763867645588e-02
7.367641346023173554e+00
6.906538472167526865e-02
1.524693182002445857e+00
2.719570897406848672e-30
0.000000000000000000e+00
-3.064156832512699103e-33
4.101957613961979692e-30
-2.250712350202763458e-31
1.174289858009844637e-31
3.985026894317710263e-30
4.643307954814351081e-30
0.000000000000000000e+00
0.000000000000000000e+00
4.851688604652396736e-02
7.367641346023173554e+00
6.186755312952277319e-02
1.531891013594598450e+00
2.685821566227255266e-30
0.000000000000000000e+00
-1.052499161606408762e-33
4.090179117412219040e-30
-2.369232880953106237e-31
1.524863590461821171e-31
3.961004693796126032e-30
4.662192122000720954e-30
0.000000000000000000e+00
0.000000000000000000e+00
4.276277100078155341e-02
7.367641346023173554e+00
5.611343808378037312e-02
1.537645128640340975e+00
2.652893888544112878e-30
0.000000000000000000e+00
-3.237174688040612471e-34
4.077243169980049193e-30
-2.478901165691028651e-31
1.843130185473065059e-31
3.937401290458711531e-30
4.682054242655200975e-30
0.000000000000000000e+00
0.000000000000000000e+00
3.806878061182231848e-02
7.367641346023173554e+00
5.141944769482114513e-02
1.542339119029300099e+00
2.620162452719964480e-30
0.000000000000000000e+00
-1.578740037307457573e-34
4.065620750335121130e-30
-2.577674884744129574e-31
2.134069191596599735e-31
3.913737879349842432e-30
4.610540386779194355e-30
0.000000000000000000e+00
0.000000000000000000e+00
3.417416706147356070e-02
7.367641346023173554e+00
4.752483414447238042e-02
1.546233732579648912e+00
2.587848893198551064e-30
0.000000000000000000e+00
3.239381376828551065e-33
4.056788859015876986e-30
-2.666811101537537713e-31
2.391204006529643002e-31
3.894974260450208130e-30
4.543502571185179724e-30
0.000000000000000000e+00
0.000000000000000000e+00
3.089601561001853111e-02
7.367641346023173554e+00
4.424668269301734735e-02
1.549511884031103737e+00
2.555907373787346741e-30
0.000000000000000000e+00
1.421616870225780547e-33
4.024436375161924855e-30
-2.745921440351587990e-31
2.613528477973242886e-31
3.873304239989449287e-30
4.473479825133581449e-30
0.000000000000000000e+00
0.000000000000000000e+00
2.810251437004838634e-02
7.367641346023173554e+00
4.145318145304720259e-02
1.552305385271073979e+00
2.524422308420032903e-30
0.000000000000000000e+00
6.822581379439445617e-34
3.989143303748397211e-30
-2.814634026812245703e-31
2.800053646233287768e-31
3.850585791344873243e-30
4.402065817053414538e-30
0.000000000000000000e+00
0.000000000000000000e+00
2.569644671841322600e-02
7.367641346023173554e+00
3.904711380141204224e-02
1.554711452922709070e+00
2.493683066411901263e-30
0.000000000000000000e+00
5.547163458349508112e-34
3.970865372820402048e-30
-2.872567970750088456e-31
2.950837945919730935e-31
3.827473326800353576e-30
4.369936554667743060e-30
0.000000000000000000e+00
0.000000000000000000e+00
2.360464645306343048e-02
7.367641346023173554e+00
3.695531353606224673e-02
1.556803253188058900e+00
2.463747236610937391e-30
0.000000000000000000e+00
3.317765322976139624e-34
3.950350547094867537e-30
-2.919438624201857148e-31
3.064532053294378924e-31
3.804439096189026893e-30
4.338785155164959796e-30
0.000000000000000000e+00
0.000000000000000000e+00
2.177106048529850457e-02
7.367641346023173554e+00
3.512172756829731735e-02
1.558636839155823850e+00
2.434387136554406386e-30
0.000000000000000000e+00
3.218656683758977624e-34
3.928138406996043597e-30
-2.954975210593509968e-31
3.140374073457385484e-31
3.781967902349685067e-30
4.309016877670418372e-30
0.000000000000000000e+00
0.000000000000000000e+00
2.015206511747715673e-02
7.367641346023173554e+00
3.350273220047596950e-02
1.560255834523645246e+00
2.405772368193476977e-30
0.000000000000000000e+00
5.647195243132092786e-34
3.904226400510206462e-30
-2.978954605522982735e-31
3.177716817435560732e-31
3.760747758316651010e-30
4.281096497456123142e-30
0.000000000000000000e+00
0.000000000000000000e+00
1.871323042903586323e-02
7.367641346023173554e+00
3.206389751203467947e-02
1.561694669212086328e+00
2.377914037670183592e-30
0.000000000000000000e+00
1.166383838208494380e-33
3.879146924215824130e-30
-2.996272631687737372e-31
3.170914632903747924e-31
3.741186176391786838e-30
4.210513264123045124e-30
0.000000000000000000e+00
0.000000000000000000e+00
1.742703883449162050e-02
7.367641346023173554e+00
3.077770591749043674e-02
1.562980860806630679e+00
2.349798716546158113e-30
0.000000000000000000e+00
1.221716310915597358e-33
3.852457234357148814e-30
-3.001635976397010998e-31
3.125056703048979491e-31
3.723541124614978428e-30
4.139939100908690126e-30
0.000000000000000000e+00
0.000000000000000000e+00
1.627124662529097140e-02
7.367641346023173554e+00
2.962191370828978765e-02
1.564136653015831380e+00
2.323896716075683905e-30
0.000000000000000000e+00
9.631884972521478712e-34
3.874044010621921784e-30
-2.994973161128032921e-31
3.039928214897588105e-31
3.705641166414883229e-30
4.068962502176207909e-30
0.000000000000000000e+00
0.000000000000000000e+00
1.522768763371886748e-02
7.367641346023173554e+00
2.857835471671768199e-02
1.565180212007403426e+00
2.298491751787221693e-30
0.000000000000000000e+00
1.361805052343980874e-33
3.894232893918515308e-30
-2.976260868831062878e-31
2.915461726105296786e-31
3.689751759897340431e-30
3.998578135307451774e-30
0.000000000000000000e+00
0.000000000000000000e+00
1.428138650560348798e-02
7.367641346023173554e+00
2.763205358860230595e-02
1.566126513135518872e+00
2.272094560129660658e-30
0.000000000000000000e+00
2.266024375725749475e-33
3.861448214375104751e-30
-2.945026126226743064e-31
2.753325790784149646e-31
3.675748105938304999e-30
3.975812837566938341e-30
0.000000000000000000e+00
0.000000000000000000e+00
1.341989241171776676e-02
7.367641346023173554e+00
2.677055949471658300e-02
1.566988007229404678e+00
2.248545011693567644e-30
0.000000000000000000e+00
1.073752258073254724e-33
3.825469959049884162e-30
-2.901945310457011434e-31
2.551957738621657703e-31
3.660596167159647413e-30
3.953207129686595678e-30
0.000000000000000000e+00
0.000000000000000000e+00
1.263277210282479600e-02
7.367641346023173554e+00
2.598343918582361398e-02
1.567775127538297619e+00
2.225621943535669208e-30
0.000000000000000000e+00
1.551555997834562530e-33
3.753247963767908839e-30
-2.847188730840269582e-31
2.311738377556182063e-31
3.646654318979917713e-30
3.933297909161633786e-30
0.000000000000000000e+00
0.000000000000000000e+00
1.191121975367710230e-02
7.367641346023173554e+00
2.526188683667591681e-02
1.568496679887445122e+00
2.203325822251027584e-30
0.000000000000000000e+00
1.097991297655801035e-33
3.679088547189137852e-30
-2.780978525248731480e-31
2.033175722755934580e-31
3.634776972956690744e-30
3.914794395196676355e-30
0.000000000000000000e+00
0.000000000000000000e+00
1.124775350378839911e-02
7.367641346023173554e+00
2.459842058678721535e-02
1.569160146137334122e+00
2.183549171027460234e-30
0.000000000000000000e+00
2.002414714108829717e-33
3.642082207822653167e-30
-2.701899798915398869e-31
1.720086069516186153e-31
3.624314776523502811e-30
3.898699574340873772e-30
0.000000000000000000e+00
0.000000000000000000e+00
1.063597711730347901e-02
7.367641346023173554e+00
2.398664420030229699e-02
1.569771922523818919e+00
2.164249149626835009e-30
0.000000000000000000e+00
1.019617245834507182e-33
3.602294534826434723e-30
-2.611683442191379118e-31
1.370771886494247028e-31
3.614002794195257327e-30
3.881757829845863015e-30
0.000000000000000000e+00
0.000000000000000000e+00
1.007039108942983305e-02
7.367641346023173554e+00
2.342105817242864929e-02
1.570337508551692407e+00
2.145896293552533773e-30
0.000000000000000000e+00
4.817601141147050062e-34
3.568336031921689679e-30
-2.510643894890902465e-31
9.861398345006991539e-32
3.604160364487673929e-30
3.864698952465463568e-30
0.000000000000000000e+00
0.000000000000000000e+00
9.546241679573500352e-03
7.367641346023173554e+00
2.289690876257231486e-02
1.570861657961548863e+00
2.128935455147434899e-30
0.000000000000000000e+00
1.132866449854138060e-34
3.533595820268587350e-30
-2.399120410608180013e-31
5.671885100180198203e-32
3.594973714355572266e-30
3.847797512581498941e-30
0.000000000000000000e+00
0.000000000000000000e+00
9.059399309460328120e-03
7.367641346023173554e+00
2.241006639245914089e-02
1.571348500331661846e+00
2.112470855548267249e-30
0.000000000000000000e+00
-5.154330736245598997e-34
3.489794623626970281e-30
-2.278742462266440465e-31
4.407843363132122286e-32
3.586210652003365898e-30
3.834279452501685695e-30
0.000000000000000000e+00
0.000000000000000000e+00
8.606259897126917677e-03
7.367641346023173554e+00
2.195692698012573219e-02
1.571801639743995338e+00
2.099461207023222579e-30
0.000000000000000000e+00
-4.881617888419928191e-34
3.445113456657035613e-30
-2.148733952167315913e-31
2.822773246595823071e-32
3.577701038298538444e-30
3.822313363788517594e-30
0.000000000000000000e+00
0.000000000000000000e+00
8.183664252384001067e-03
7.367641346023173554e+00
2.153433133538281904e-02
1.572224235388738345e+00
2.084240553866209220e-30
0.000000000000000000e+00
-3.977348545534859541e-34
3.399797707788491708e-30
-2.009490842258349284e-31
9.304124784665380404e-33
3.571696408655211634e-30
3.811918726883379195e-30
0.000000000000000000e+00
0.000000000000000000e+00
7.788831804674572167e-03
7.367641346023173554e+00
2.113949888767338581e-02
1.572619067836447782e+00
2.070655451391980127e-30
0.000000000000000000e+00
-1.546526854788479105e-34
3.354003946045124011e-30
-1.861427717715369905e-31
-1.254839184823662604e-32
3.566781246547764279e-30
3.803264686114831506e-30
0.000000000000000000e+00
0.000000000000000000e+00
7.419305786265600541e-03
7.367641346023173554e+00
2.076997286926441505e-02
1.572988593854856676e+00
2.082874138606788807e-30
0.000000000000000000e+00
-6.099371973301897687e-35
3.310895079185099781e-30
-1.711112814281436933e-31
-7.213731255647176861e-32
3.566004596301348806e-30
3.798081413668762056e-30
0.000000000000000000e+00
0.000000000000000000e+00
7.072907633380491089e-03
7.367641346023173554e+00
2.042357471637930647e-02
1.573334992007741961e+00
2.057159766924430056e-30
0.000000000000000000e+00
-2.050477862850562713e-33
3.264053438104057710e-30
-1.552796045111785186e-31
-1.343725406152903257e-31
3.576059581065767387e-30
3.790868334579221055e-30
0.000000000000000000e+00
0.000000000000000000e+00
6.747698852285779168e-03
7.367641346023173554e+00
2.009836593528459281e-02
1.573660200788836727e+00
2.050205119873783224e-30
0.000000000000000000e+00
-1.131295403147109201e-33
3.214669282664541493e-30
-1.386923987124792146e-31
-1.991035905873938894e-31
3.552736368176293857e-30
3.786141763005629587e-30
0.000000000000000000e+00
0.000000000000000000e+00
6.441948967170272114e-03
7.367641346023173554e+00
1.979261605016909009e-02
1.573965950673952063e+00
2.037309966323886967e-30
0.000000000000000000e+00
5.541882394934254421e-32
3.246597432924957543e-30
-1.213949660686883592e-31
-2.661765523594211794e-31
3.461957068437856826e-30
3.864148947428649174e-30
0.000000000000000000e+00
0.000000000000000000e+00
2.977888451447754763e-03
3.405803770030312538e+00
9.149436460939302726e-03
7.275895930518101462e-01
3.946772841915772823e+00
4.940656458412465442e-324
7.060582666504442440e-01
2.098886061862620522e+01
1.356684581071284097e-29
2.533023571807536320e-30
8.929713789579649441e-30
-8.586024698274689538e-30
-4.940656458412465442e-324
-4.940656458412465442e-324
2.842948355111238248e-03
3.405803770030312538e+00
9.014496364602787512e-03
4.062626203196108010e-01
3.940775916223933528e+00
4.940656458412465442e-324
3.845963538219083766e-01
2.131279232077487151e+01
3.527136371707747641e-03
2.469789320131179390e-03
3.154649871366969061e-01
3.214619128285358673e-01
-4.940656458412465442e-324
-4.940656458412465442e-324
2.715857982331275258e-03
3.405803770030312538e+00
8.887405991822824522e-03
2.692792125781370838e-01
3.932350759289698683e+00
4.940656458412465442e-324
2.474858557076546617e-01
2.145337265721727604e+01
8.482454977793917397e-03
5.939627648279897053e-03
4.441503283167157479e-01
4.585724109427895545e-01
-4.940656458412465442e-324
-4.940656458412465442e-324
2.596013942181690619e-03
3.405803770030312538e+00
8.767561951673238582e-03
1.978121398912757734e-01
3.922772732207837620e+00
4.940656458412465442e-324
1.758989389806437931e-01
2.152890421328288895e+01
1.411584272105199239e-02
9.884266986883136902e-03
5.061592179618653597e-01
5.301593276698004509e-01
-4.940656458412465442e-324
-4.940656458412465442e-324
2.482872185274633860e-03
3.405803770030312538e+00
8.654420194766181823e-03
1.553267131289318148e-01
3.912607383435531272e+00
4.940656458412465442e-324
1.333003704613927864e-01
2.157568930521819794e+01
2.009466807729897581e-02
1.407079040294226084e-02
5.385924377088101567e-01
5.727578961890514853e-01
-4.940656458412465442e-324
-4.940656458412465442e-324
2.375940906923627773e-03
3.405803770030312538e+00
8.547488916415175303e-03
1.276987699970426604e-01
3.902144108340019901e+00
4.940656458412465442e-324
1.055654960511526186e-01
2.160773340178866420e+01
2.624872101258653861e-02
1.838001256316627516e-02
5.558640370235388151e-01
6.004927705992916254e-01
-4.940656458412465442e-324
-4.940656458412465442e-324
2.274774441925751008e-03
3.405803770030312538e+00
8.446322451417298538e-03
1.085307770679573292e-01
3.891546465447681236e+00
4.940656458412465442e-324
8.629633665706940016e-02
2.163136712172243747e+01
3.248180336523366629e-02
2.274457310285769862e-02
5.645355535252835066e-01
6.197619299933748716e-01
-4.940656458412465442e-324
-4.940656458412465442e-324
2.178967993460032091e-03
3.405803770030312538e+00
8.350516002951580488e-03
9.457078644361896491e-02
3.880913695618744441e+00
4.940656458412465442e-324
7.224053958426532307e-02
2.164980194610296138e+01
3.873554588645208852e-02
2.712360041057622698e-02
5.679585807691506227e-01
6.338177270661788931e-01
-4.940656458412465442e-324
-4.940656458412465442e-324
2.088153066484802617e-03
3.405803770030312538e+00
8.259701075976349713e-03
8.401497532745623442e-02
3.870309193133722570e+00
4.940656458412465442e-324
6.159391354112737221e-02
2.166481595775810476e+01
4.497266275946716629e-02
3.149098602258312146e-02
5.680007043272665701e-01
6.444643531093168232e-01
-4.940656458412465442e-324
-4.940656458412465442e-324
2.001993498480182133e-03
3.405803770030312538e+00
8.173541507971730097e-03
7.579217807807031582e-02
3.859774986050305223e+00
4.940656458412465442e-324
5.328495672373684267e-02
2.167746334954827958e+01
5.116843487009823527e-02
3.582942099536935016e-02
5.657754540612397465e-01
6.527733099267073458e-01
-4.940656458412465442e-324
-4.940656458412465442e-324
1.920181998567624610e-03
3.405803770030312538e+00
8.091730008059173224e-03
6.923061228327848093e-02
3.849339670764329924e+00
4.940656458412465442e-324
4.664157942903243009e-02
2.168840443396324602e+01
5.730604303581062625e-02
4.012712811563218240e-02
5.619835160699689913e-01
6.594166872214117792e-01
-4.940656458412465442e-324
-4.940656458412465442e-324
1.842437120831154698e-03
3.405803770030312538e+00
8.013985130322703529e-03
6.388974670681435430e-02
3.839023029647128826e+00
4.940656458412465442e-324
4.122296897483184591e-02
2.169807187646243563e+01
6.337385210802516655e-02
4.437596016061904486e-02
5.570854854069681172e-01
6.648352976756123356e-01
-4.940656458412465442e-324
-4.940656458412465442e-324
1.768500609752565820e-03
3.405803770030312538e+00
7.940048619244114217e-03
5.946978004087581648e-02
3.828838854891635002e+00
4.940656458412465442e-324
3.672906579781471531e-02
2.170676005639690942e+01
6.936375010606327107e-02
4.857023691807450805e-02
5.513952138284917703e-01
6.693292008526294801e-01
-4.940656458412465442e-324
-4.940656458412465442e-324
1.698135065593003390e-03
3.405803770030312538e+00
7.869683075084552004e-03
5.576019930487290804e-02
3.818796748403409325e+00
4.940656458412465442e-324
3.294911951765224639e-02
2.171467576967348379e+01
7.527008959787728770e-02
5.270600391448593963e-02
5.451330536204287425e-01
6.731091471327920184e-01
-4.940656458412465442e-324
-4.940656458412465442e-324
1.631121885728813994e-03
3.405803770030312538e+00
7.802669895220362174e-03
5.260918384105867096e-02
3.808903309935726345e+00
4.940656458412465442e-324
2.973109087397382208e-02
2.172196833749314493e+01
8.108898888957728757e-02
5.678054309046945414e-02
5.384576437964235796e-01
6.763271757764705017e-01
-4.940656458412465442e-324
-4.940656458412465442e-324
1.567259444714036746e-03
3.405803770030312538e+00
7.738807454205584926e-03
4.990468552312712219e-02
3.799162945236646216e+00
4.940656458412465442e-324
2.696273011502749867e-02
2.172874819513302214e+01
8.681785670772886043e-02
6.079203997139762811e-02
5.314856398562902706e-01
6.790955365354167661e-01
-4.940656458412465442e-324
-4.940656458412465442e-324
1.506361481460527594e-03
3.405803770030312538e+00
7.677909490952075991e-03
4.756232930063068048e-02
3.789578430110922547e+00
4.940656458412465442e-324
2.455947592927754455e-02
2.173509876071006630e+01
9.245506044215726082e-02
6.473935136269319546e-02
5.243043789163162050e-01
6.814987907211667029e-01
-4.940656458412465442e-324
-4.940656458412465442e-324
1.448255666610754732e-03
3.405803770030312538e+00
7.619803676102302262e-03
4.551744526983132061e-02
3.780151313041621997e+00
4.940656458412465442e-324
2.245648608362841442e-02
2.174108423872612406e+01
9.799968934104899554e-02
6.862183953310187212e-02
5.169802516926649272e-01
6.836017805668158642e-01
-4.940656458412465442e-324
-4.940656458412465442e-324
1.392782327097099367e-03
3.405803770030312538e+00
7.564330336588647764e-03
4.371968448139829794e-02
3.770882208256890689e+00
4.940656458412465442e-324
2.060325195568172771e-02
2.174675488483829255e+01
1.034513821415596613e-01
7.243925151732240331e-02
5.095643810358804204e-01
6.854550146947625544e-01
-4.940656458412465442e-324
-4.940656458412465442e-324
1.339793308171258841e-03
3.405803770030312538e+00
7.511341317662807021e-03
4.212929660766102924e-02
3.761771012745202203e+00
4.940656458412465442e-324
1.895987506301862607e-02
2.175215063995351628e+01
1.088101994306833048e-01
7.619162973988706511e-02
5.020965624168551855e-01
6.870983915874256942e-01
-4.940656458412465442e-324
-4.940656458412465442e-324
1.289150955958112774e-03
3.405803770030312538e+00
7.460698965449660304e-03
4.071450356334746501e-02
3.752817069400256500e+00
4.940656458412465442e-324
1.749443966649191426e-02
2.175730369043530388e+01
1.140765276903694947e-01
7.987924482514685565e-02
4.946080544684359759e-01
6.885638269839523540e-01
-4.940656458412465442e-324
-4.940656458412465442e-324
1.240727205929478176e-03
3.405803770030312538e+00
7.412275215421026790e-03
3.944961221672245444e-02
3.744019291312554731e+00
4.940656458412465442e-324
1.618112456983826497e-02
2.176224030511551888e+01
1.192510061945096511e-01
8.350254440870846784e-02
4.871235914773878739e-01
6.898771420806060206e-01
-4.940656458412465442e-324
-4.940656458412465442e-324
1.194402764677179657e-03
3.405803770030312538e+00
7.365950774168727837e-03
3.831363565455136316e-02
3.735376257580749648e+00
4.940656458412465442e-324
1.499882356641487821e-02
2.176698217538847757e+01
1.243344706567812430e-01
8.706211367824195912e-02
4.796628587490061602e-01
6.910594430840294455e-01
-4.940656458412465442e-324
-4.940656458412465442e-324
1.150066374051245208e-03
3.405803770030312538e+00
7.321614383542793605e-03
3.728927079545495821e-02
3.726886287939261688e+00
4.940656458412465442e-324
1.393012231669253816e-02
2.177154740759860729e+01
1.293279093378606748e-01
9.055864463865070935e-02
4.722415903572403373e-01
6.921281443337516937e-01
-4.940656458412465442e-324
-4.940656458412465442e-324
1.107614148166505578e-03
3.405803770030312538e+00
7.279162157658053758e-03
3.636212986028290045e-02
3.718547501419792845e+00
4.940656458412465442e-324
1.296052915563574229e-02
2.177595126807377568e+01
1.342324285432179021e-01
9.399291195276214539e-02
4.648723969988284299e-01
6.930977374948085190e-01
-4.940656458412465442e-324
-4.940656458412465442e-324
1.066948975009541275e-03
3.405803770030312538e+00
7.238496984501089672e-03
3.552015543368985256e-02
3.710357862834197107e+00
4.940656458412465442e-324
1.207788955588573292e-02
2.178020674951846658e+01
1.390492252838720633e-01
9.736575379770345817e-02
4.575653980129830156e-01
6.939803770945585093e-01
-4.940656458412465442e-324
-4.940656458412465442e-324
1.027979975430890836e-03
3.405803770030312538e+00
7.199527984922439450e-03
3.475317014677570260e-02
3.702315219865969453e+00
4.940656458412465442e-324
1.127193526939293360e-02
2.178432500659630477e+01
1.437795654607562368e-01
1.006780565890467299e-01
4.503287093312483003e-01
6.947863313810512809e-01
-4.940656458412465442e-324
-4.940656458412465442e-324
9.906220132121629478e-04
3.405803770030312538e+00
7.162170022703711995e-03
3.405252633408931834e-02
3.694417332847526936e+00
4.940656458412465442e-324
1.053393349448781581e-02
2.178831569449941696e+01
1.484247663509885851e-01
1.039307427172569825e-01
4.431688240877109108e-01
6.955243331559564091e-01
-4.940656458412465442e-324
-4.940656458412465442e-324
9.547952506769639231e-04
3.405803770030312538e+00
7.126343260168511995e-03
3.341083080976472997e-02
3.686661898789268310e+00
4.940656458412465442e-324
9.856411207628031773e-03
2.179218723472052233e+01
1.529861824750024246e-01
1.071247606515023099e-01
4.360909123163114742e-01
6.962018554428162087e-01
-4.940656458412465442e-324
-4.940656458412465442e-324
9.204247449873913115e-04
3.405803770030312538e+00
7.091972754478939600e-03
3.282172670186852409e-02
3.679046570853669706e+00
4.940656458412465442e-324
9.232936594042248299e-03
2.179594702560199693e+01
1.574651941427115676e-01
1.102610769193916179e-01
4.290990589942987876e-01
6.968253300564020147e-01
-4.940656458412465442e-324
-4.940656458412465442e-324
8.874400808501237701e-04
3.405803770030312538e+00
7.058988090341672059e-03
3.227971906431192223e-02
3.671568974192671142e+00
4.940656458412465442e-324
8.657944292348384099e-03
2.179960161056876800e+01
1.618631981386358110e-01
1.133406695844658973e-01
4.221964546349941672e-01
6.974003223580959032e-01
-4.940656458412465442e-324
-4.940656458412465442e-324
8.557750358611900194e-04
3.405803770030312538e+00
7.027323045352738308e-03
3.178003439240054823e-02
3.664226718861431031e+00
4.940656458412465442e-324
8.126594575448073746e-03
2.180315681362896285e+01
1.661816001265784271e-01
1.163645229277631837e-01
4.153855490206546097e-01
6.979316720749961789e-01
-4.940656458412465442e-324
-4.940656458412465442e-324
8.253672751575341551e-04
3.405803770030312538e+00
6.996915284649082335e-03
3.131850662510192451e-02
3.657017410366929955e+00
4.940656458412465442e-324
7.634659047445795793e-03
2.180661784933266034e+01
1.704218084453878457e-01
1.193336231034551331e-01
4.086681760541554520e-01
6.984236076029984863e-01
-4.940656458412465442e-324
-4.940656458412465442e-324
7.961580724259300973e-04
3.405803770030312538e+00
6.967706081917479470e-03
3.089148400901065017e-02
3.649938658292236404e+00
4.940656458412465442e-324
7.178427228622916850e-03
2.180998941263502999e+01
1.745852290365302317e-01
1.222489545870061867e-01
4.020456557982848844e-01
6.988798394218213028e-01
-4.940656458412465442e-324
-4.940656458412465442e-324
7.680920546536336739e-04
3.405803770030312538e+00
6.939640064145182613e-03
3.049575251950089119e-02
3.642988083346951900e+00
4.940656458412465442e-324
6.754629721340861884e-03
2.181327575282681153e+01
1.786732612973195577e-01
1.251114972715014761e-01
3.955188783602823221e-01
6.993036369291033560e-01
-4.940656458412465442e-324
-4.940656458412465442e-324
7.411169682971490563e-04
3.405803770030312538e+00
6.912664977788697887e-03
3.012847251721978772e-02
3.636163323124415925e+00
4.940656458412465442e-324
6.360374632703272822e-03
2.181648073474053007e+01
1.826872946947732390e-01
1.279222240965833257e-01
3.890883732263843986e-01
6.996978920177409078e-01
-4.940656458412465442e-324
-4.940656458412465442e-324
7.151834648013620987e-04
3.405803770030312538e+00
6.886731474292910604e-03
2.978712605605284003e-02
3.629462036791732960e+00
4.940656458412465442e-324
5.993094668040536976e-03
2.181960788972550702e+01
1.866287060071395998e-01
1.306820991169000412e-01
3.827543668583640590e-01
7.000651719824037000e-01
-4.940656458412465442e-324
-4.940656458412465442e-324
6.902449036259598793e-04
3.405803770030312538e+00
6.861792913117508927e-03
2.946947281770279439e-02
3.622881908895791092e+00
4.940656458412465442e-324
5.650502868515091398e-03
2.182266045834275658e+01
1.904988570853578256e-01
1.333920759346235996e-01
3.765168307619476962e-01
7.004077637819291491e-01
-4.940656458412465442e-324
-4.940656458412465442e-324
6.662571711336612388e-04
3.405803770030312538e+00
6.837805180625209853e-03
2.917351307491606455e-02
3.616420652434548799e+00
4.940656458412465442e-324
5.330555393236062478e-03
2.182564142631797566e+01
1.942990930466594601e-01
1.360530964345644245e-01
3.703755217759842622e-01
7.007277112572081190e-01
-4.940656458412465442e-324
-4.940656458412465442e-324
6.431785138689173620e-04
3.405803770030312538e+00
6.814726523360466193e-03
2.889745641389496536e-02
3.610076011315825006e+00
4.940656458412465442e-324
5.031420074950221366e-03
2.182855355497323657e+01
1.980307408284117388e-01
1.386660897715361329e-01
3.643300159755462064e-01
7.010268465754939671e-01
-4.940656458412465442e-324
-4.940656458412465442e-324
3.989165266754415135e-04
2.112370642336960813e+00
4.226675761584923648e-03
1.792297580502717411e-02
2.239065752998620429e+00
4.940656458412465442e-324
3.120621378458067474e-03
1.959002273259505955e+01
1.228239650467158744e-01
8.600441977854977882e-02
2.259672258986459292e-01
4.347956107239115964e-01
4.585848444934687018e-02
2.610622513620309171e+00
3.937522184790979659e-04
2.112370642336960813e+00
4.221511453388579992e-03
1.785894728735896650e-02
2.238088296833930624e+00
4.940656458412465442e-324
3.051428552593513609e-03
1.959025988691053755e+01
1.236334597217916692e-01
8.617238126816394173e-02
2.250589625598205246e-01
4.348648035497761355e-01
4.585848444934687018e-02
2.610622513620309171e+00
3.886608348969688162e-04
2.112370642336960813e+00
4.216420069806450788e-03
1.779661098445452228e-02
2.237115197381090770e+00
4.940656458412465442e-324
2.984000866106941915e-03
1.959049452744967823e+01
1.244393463219778673e-01
8.633959412081758378e-02
2.241532907934672691e-01
4.349322312362627341e-01
4.585848444934687018e-02
2.610622513620309171e+00
3.836411907107953496e-04
2.112370642336960813e+00
4.211400425620277430e-03
1.773591283587293982e-02
2.236146437926552544e+00
4.940656458412465442e-324
2.918283073339186101e-03
1.959072671233011675e+01
1.252416386888448863e-01
8.650606120848859659e-02
2.232502491316969706e-01
4.349979490290304396e-01
4.585848444934687018e-02
2.610622513620309171e+00
3.786921239675772235e-04
2.112370642336960813e+00
4.206451358877059954e-03
1.767680094232679244e-02
2.235182001644507199e+00
4.940656458412465442e-324
2.854222113049819515e-03
1.959095649750436507e+01
1.260403507569337611e-01
8.667178542244521888e-02
2.223498738099408678e-01
4.350620099893198200e-01
4.585848444934687018e-02
2.610622513620309171e+00
3.738124954199978367e-04
2.112370642336960813e+00
4.201571730329480350e-03
1.761922545920837496e-02
2.234221871606400178e+00
4.940656458412465442e-324
2.791767001383823731e-03
1.959118393686519610e+01
1.268354965458747818e-01
8.683676967161085836e-02
2.214521988835001787e-01
4.351244651009858466e-01
4.585848444934687018e-02
2.610622513620309171e+00
3.690011879830057211e-04
2.112370642336960813e+00
4.196760422892488289e-03
1.756313849635440794e-02
2.233266030789947454e+00
4.940656458412465442e-324
2.730868731092865511e-03
1.959140908234489231e+01
1.276270901529233948e-01
8.700101688101526121e-02
2.205572563373381090e-01
4.351853633712767788e-01
4.585848444934687018e-02
2.610622513620309171e+00
3.642571062060090945e-04
2.112370642336960813e+00
4.192016341115490687e-03
1.750849402362739463e-02
2.232314462087671370e+00
4.940656458412465442e-324
2.671480176588856767e-03
1.959163198400870343e+01
1.284151457458877488e-01
8.716452999032715809e-02
2.196650761895659054e-01
4.352447519257807707e-01
4.585848444934687018e-02
2.610622513620309171e+00
3.595791757601614781e-04
2.112370642336960813e+00
4.187338410669643775e-03
1.745524778192413320e-02
2.231367148314995941e+00
4.940656458412465442e-324
2.613556004439745398e-03
1.959185269014299280e+01
1.291996775564266120e-01
8.732731195246355715e-02
2.187756865890397306e-01
4.353026760979299414e-01
4.585848444934687018e-02
2.610622513620309171e+00
3.549663429402354162e-04
2.112370642336960813e+00
4.182725577849717713e-03
1.740335719925126604e-02
2.230424072217918940e+00
4.940656458412465442e-324
2.557052588946951300e-03
1.959207124733829275e+01
1.299806998736959818e-01
8.748936573227153457e-02
2.178891139074551897e-01
4.353591795134226783e-01
4.585848444934687018e-02
2.610622513620309171e+00
3.504175741806009087e-04
2.112370642336960813e+00
4.178176809090083585e-03
1.735278131153485462e-02
2.229485216480283416e+00
4.940656458412465442e-324
2.501927932470909225e-03
1.959228770056777336e+01
1.307582270383246537e-01
8.765069430527823446e-02
2.170053828262958617e-01
4.354143041698987915e-01
4.585848444934687018e-02
2.610622513620309171e+00
3.459318555848434301e-04
2.112370642336960813e+00
4.173691090494324914e-03
1.730348068785563659e-02
2.228550563730680167e+00
4.940656458412465442e-324
2.448141590195932523e-03
1.959250209326127745e+01
1.315322734367005975e-01
8.781130065650534500e-02
2.161245164189677659e-01
4.354680905121737222e-01
4.585848444934687018e-02
2.610622513620309171e+00
3.415081924685737635e-04
2.112370642336960813e+00
4.169267427378055627e-03
1.725541735982429742e-02
2.227620096548990514e+00
4.940656458412465442e-324
2.395654599048323199e-03
1.959271446737526645e+01
1.323028534955508484e-01
8.797118777934447020e-02
2.152465362284259887e-01
4.355205775033213489e-01
4.585848444934687018e-02
2.610622513620309171e+00
3.371456089149982966e-04
2.112370642336960813e+00
4.164904843824480431e-03
1.720855475483207622e-02
2.226693797472597325e+00
4.940656458412465442e-324
2.344429410502525506e-03
1.959292486345895412e+01
1.330699816767986765e-01
8.813035867449003913e-02
2.143714623405783837e-01
4.355718026918671271e-01
4.585848444934687018e-02
2.610622513620309171e+00
3.328431473428348033e-04
2.112370642336960813e+00
4.160602382252316829e-03
1.716285763293097164e-02
2.225771649002276753e+00
4.940656458412465442e-324
2.294429827029259052e-03
1.959313332071686276e+01
1.338336724726827687e-01
8.828881634892662977e-02
2.134993134537309933e-01
4.356218022753403640e-01
4.585848444934687018e-02
2.610622513620309171e+00
3.285998680861742355e-04
2.112370642336960813e+00
4.156359102995656370e-03
1.711829202711558778e-02
2.224853633607793757e+00
4.940656458412465442e-324
2.245620941957213873e-03
1.959333987706797586e+01
1.345939404011245732e-01
8.844656381496771025e-02
2.126301069443201630e-01
4.356706111604124465e-01
4.585848444934687018e-02
2.610622513620309171e+00
3.244148489859030918e-04
2.112370642336960813e+00
4.152174083895385226e-03
1.707482518679472733e-02
2.223939733733212964e+00
4.940656458412465442e-324
2.197969082536079238e-03
1.959354456920177512e+01
1.353508000013300683e-01
8.860360408934306320e-02
2.117638589291604423e-01
4.357182630198336293e-01
4.585848444934687018e-02
2.610622513620309171e+00
3.202871849923160535e-04
2.112370642336960813e+00
4.148046419901798079e-03
1.703242552425585782e-02
2.223029931801939529e+00
4.940656458412465442e-324
2.151441756003627786e-03
1.959374743263129659e+01
1.361042658296139074e-01
8.875994019233234000e-02
2.109005843244197709e-01
4.357647903463660044e-01
4.585848444934687018e-02
2.610622513620309171e+00
3.162159877785607220e-04
2.112370642336960813e+00
4.143975222688042748e-03
1.699106256393931660e-02
2.222124210221510410e+00
4.940656458412465442e-324
2.106007598473329939e-03
1.959394850174343716e+01
1.368543524554336199e-01
8.891557514694219122e-02
2.100402969015205124e-01
4.358102245038963374e-01
4.585848444934687018e-02
2.610622513620309171e+00
3.122003853645712534e-04
2.112370642336960813e+00
4.139959620274052954e-03
1.695070689435164424e-02
2.221222551388137845e+00
4.940656458412465442e-324
2.061636326471666045e-03
1.959414780984662130e+01
1.376010744576233735e-01
8.907051197812480836e-02
2.091830093401497725e-01
4.358545957758979683e-01
4.585848444934687018e-02
2.610622513620309171e+00
3.082395217511572807e-04
2.112370642336960813e+00
4.135998756660639632e-03
1.691133012245940939e-02
2.220324937691033895e+00
4.940656458412465442e-324
2.018298690966017443e-03
1.959434538921603774e+01
1.383444464208164193e-01
8.922475371203569816e-02
2.083287332785515311e-01
4.358979334114036486e-01
4.585848444934687018e-02
2.610622513620309171e+00
3.043325565639304537e-04
2.112370642336960813e+00
4.132091791473412913e-03
1.687290483041546316e-02
2.219431351516510720e+00
4.940656458412465442e-324
1.975966433734844489e-03
1.959454127113656341e+01
1.390844829320468379e-01
8.937830337532839953e-02
2.074774793612595425e-01
4.359402656686348076e-01
4.585848444934687018e-02
2.610622513620309171e+00
3.004786647067580248e-04
2.112370642336960813e+00
4.128237899616240755e-03
1.683540453447962895e-02
2.218541775251880122e+00
4.940656458412465442e-324
1.934612245941839861e-03
1.959473548594350945e+01
1.398211985775211497e-01
8.953116399448482476e-02
2.066292572844218300e-01
4.359816198564278045e-01
4.585848444934687018e-02
2.610622513620309171e+00
2.966770360244467913e-04
2.112370642336960813e+00
4.124436270933929359e-03
1.679880364600511850e-02
2.217656191289156364e+00
4.940656458412465442e-324
1.894209728785015189e-03
1.959492806306136004e+01
1.405546079395511017e-01
8.968333859517875484e-02
2.057840758388547742e-01
4.360220223735846723e-01
4.585848444934687018e-02
2.610622513620309171e+00
2.929268749743709453e-04
2.112370642336960813e+00
4.120686109883853025e-03
1.676307743437040199e-02
2.216774582028575136e+00
4.940656458412465442e-324
1.854733356100222779e-03
1.959511903104053943e+01
1.412847255936395818e-01
8.983483020167118416e-02
2.049419429509586610e-01
4.360614987462694825e-01
4.585848444934687018e-02
2.610622513620309171e+00
2.892274003067664412e-04
2.112370642336960813e+00
4.116986635216248087e-03
1.672820199174432365e-02
2.215896929881938426e+00
4.940656458412465442e-324
1.816158438806541025e-03
1.959530841759239905e+01
1.420115661057119449e-01
8.998564183623587731e-02
2.041028657216152897e-01
4.361000736635631259e-01
4.585848444934687018e-02
2.610622513620309171e+00
2.855778447534249465e-04
2.112370642336960813e+00
4.113337079662907243e-03
1.669415419957943209e-02
2.215023217275787104e+00
4.940656458412465442e-324
1.778461091088306013e-03
1.959549624962249226e+01
1.427351440294853113e-01
9.013577651861351403e-02
2.032668504631824913e-01
4.361377710112813166e-01
4.585848444934687018e-02
2.610622513620309171e+00
2.819774547245301527e-04
2.112370642336960813e+00
4.109736689634012341e-03
1.666091169673538513e-02
2.214153426654423829e+00
4.940656458412465442e-324
1.741618198215368713e-03
1.959568255326224318e+01
1.434554739039691773e-01
9.028523726549311790e-02
2.024339027346920006e-01
4.361746139041542403e-01
4.585848444934687018e-02
2.610622513620309171e+00
2.784254900133870765e-04
2.112370642336960813e+00
4.106184724922869698e-03
1.662845284914065205e-02
2.213287540482776095e+00
4.940656458412465442e-324
1.705607385909489303e-03
1.959586735389907730e+01
1.441725702510906759e-01
9.043402709001928386e-02
2.016040273753501866e-01
4.362106247164601602e-01
4.585848444934687018e-02
2.610622513620309171e+00
2.749212235088050707e-04
2.112370642336960813e+00
4.102680458418287747e-03
1.659675672090637696e-02
2.212425541249123384e+00
4.940656458412465442e-324
1.670406991170634214e-03
1.959605067620512386e+01
1.448864475734386315e-01
9.058214900132414982e-02
2.007772285364362308e-01
4.362458251111990259e-01
4.585848444934687018e-02
2.610622513620309171e+00
2.714639409149027403e-04
2.112370642336960813e+00
4.099223175824384495e-03
1.656580304681204777e-02
2.211567411467683097e+00
4.940656458412465442e-324
1.635996034482402415e-03
1.959623254416456817e+01
1.455971203521203294e-01
9.072960600408259968e-02
1.999535097116843518e-01
4.362802360678872393e-01
4.585848444934687018e-02
2.610622513620309171e+00
2.680529404781100094e-04
2.112370642336960813e+00
4.095812175387592360e-03
1.653557220608730186e-02
2.210713133681070364e+00
4.940656458412465442e-324
1.602354193320865887e-03
1.959641298109973917e+01
1.463046030447255619e-01
9.087640109808996225e-02
1.991328737662332871e-01
4.363138779090487418e-01
4.585848444934687018e-02
2.610622513620309171e+00
2.646875327211533182e-04
2.112370642336960813e+00
4.092446767630634856e-03
1.650604519741921683e-02
2.209862690462632173e+00
4.940656458412465442e-324
1.569461776895822057e-03
1.959659200969593229e+01
1.470089100833931461e-01
9.102253727786073501e-02
1.983153229642199145e-01
4.363467703254738095e-01
4.585848444934687018e-02
2.610622513620309171e+00
2.613670401838130166e-04
2.112370642336960813e+00
4.089126275093295584e-03
1.647720361511857690e-02
2.209016064418663827e+00
4.940656458412465442e-324
1.537299702057843935e-03
1.959676965202515930e+01
1.477100558729746715e-01
9.116801753224755556e-02
1.975008589950895954e-01
4.363789324003118364e-01
4.585848444934687018e-02
2.610622513620309171e+00
2.580907971702533555e-04
2.112370642336960813e+00
4.085850032079735815e-03
1.644902962638288349e-02
2.208173238190516141e+00
4.940656458412465442e-324
1.505849470308590109e-03
1.959694592956874004e+01
1.484080547892905333e-01
9.131284484407946322e-02
1.966894829986910453e-01
4.364103826320610557e-01
4.585848444934687018e-02
2.610622513620309171e+00
2.548581495027290493e-04
2.112370642336960813e+00
4.082617384412211455e-03
1.642150594959746954e-02
2.207334194456592513e+00
4.940656458412465442e-324
1.475093145855649410e-03
1.959712086323893132e+01
1.491029211774748953e-01
9.145702218981843767e-02
1.958811955892206247e-01
4.364411389565139854e-01
4.585848444934687018e-02
2.610622513620309171e+00
2.516684542814807361e-04
2.112370642336960813e+00
4.079427689190963033e-03
1.639461583361979252e-02
2.206498915934248295e+00
4.940656458412465442e-324
1.445013334656726793e-03
1.959729447339954334e+01
1.497946693504043358e-01
9.160055253923329865e-02
1.950759968780752529e-01
4.364712187677129429e-01
4.585848444934687018e-02
2.610622513620309171e+00
2.485210796506380016e-04
2.112370642336960813e+00
4.076280314560119973e-03
1.636834303799521162e-02
2.205667385381588907e+00
4.940656458412465442e-324
1.415593164401300228e-03
1.959746677988565722e+01
1.504833135872067074e-01
9.174343885509042562e-02
1.942738864956712053e-01
4.365006389379683660e-01
4.585848444934687018e-02
2.610622513620309171e+00
2.454154045699529722e-04
2.112370642336960813e+00
4.073174639479435269e-03
1.634267181405554131e-02
2.204839585599179141e+00
4.940656458412465442e-324
1.386816265380948253e-03
1.959763780202244732e+01
1.511688681318467398e-01
9.188568409286014538e-02
1.934748636122817778e-01
4.365294158369887323e-01
4.585848444934687018e-02
2.610622513620309171e+00
2.423508185921961528e-04
2.112370642336960813e+00
4.070110053501678829e-03
1.631758688685479644e-02
2.204015499431663194e+00
4.940656458412465442e-324
1.358666752202444339e-03
1.959780755864320412e+01
1.518513471917841695e-01
9.202729120043851019e-02
1.926789269579445296e-01
4.365575653501672093e-01
4.585848444934687018e-02
2.610622513620309171e+00
2.423508185921963154e-04
2.112370642336957705e+00
4.070110053501682298e-03
1.631758688685477909e-02
2.204015499431660530e+00
1.532882889814196504e-23
1.358666752202445423e-03
1.959780755864317925e+01
1.518513471917840030e-01
9.202729120043841304e-02
1.926789269579443631e-01
4.365575653501668763e-01
4.585848444934682161e-02
2.610622513620306062e+00
