1.699826731358384801e+00
7.924355294525757820e+00
1.142790801313285254e+00
5.865894772791757034e-30
-9.318284197654329222e-30
0.000000000000000000e+00
1.425556237015597842e-30
-2.603558408673988744e-30
3.258763571817000813e-30
-6.117069581521554344e-30
5.595026149096107283e-30
-9.147562288827238135e-31
0.000000000000000000e+00
0.000000000000000000e+00
9.820801783182602218e-01
7.924355294525757820e+00
4.250442482731606741e-01
7.177465530401245797e-01
-9.149964546742112452e-30
0.000000000000000000e+00
9.415417623344046294e-31
-2.190918078061602312e-30
3.269195832268668961e-30
-6.065866684123083155e-30
5.972794450672420313e-30
-4.421139199959041234e-31
0.000000000000000000e+00
0.000000000000000000e+00
7.435777887607657455e-01
7.924355294525757820e+00
1.865418587156661423e-01
9.562489425976190560e-01
-8.984754707290728367e-30
0.000000000000000000e+00
5.549836749579860528e-31
-1.884529662343192399e-30
3.278930802615688098e-30
-6.014613144142224628e-30
6.265670479800954559e-30
-7.862416361968698829e-32
0.000000000000000000e+00
0.000000000000000000e+00
6.454517978976830328e-01
7.924355294525757820e+00
8.841586785258351289e-02
1.054374933460701769e+00
-8.822609009367428000e-30
0.000000000000000000e+00
3.194369273994736610e-31
-1.712896915635070789e-30
3.287955434610693609e-30
-5.963323037050493390e-30
6.397932422954543750e-30
1.473190711007355030e-31
0.000000000000000000e+00
0.000000000000000000e+00
6.005350228959746017e-01
7.924355294525757820e+00
4.349909285087504018e-02
1.099291708462410311e+00
-8.668107204479632866e-30
0.000000000000000000e+00
1.812849153515296052e-31
-1.635082542877857618e-30
3.296288822909431851e-30
-5.911392191129161253e-30
6.435230807216126313e-30
2.778455176144626839e-31
0.000000000000000000e+00
0.000000000000000000e+00
5.788369027795944310e-01
7.924355294525757820e+00
2.180097273449482440e-02
1.120989828578790481e+00
-8.510749241778756702e-30
0.000000000000000000e+00
9.792274691506711278e-32
-1.616798741741434852e-30
3.303890442735411967e-30
-5.859446094939751447e-30
6.412030650603547520e-30
3.464062696778821949e-31
0.000000000000000000e+00
0.000000000000000000e+00
5.680645709053264714e-01
7.924355294525757820e+00
1.102864086022695492e-02
1.131762160453058108e+00
-8.356069871917280289e-30
0.000000000000000000e+00
5.557819277968043345e-32
-1.628370710318820125e-30
3.310756212590850655e-30
-5.807495624785910027e-30
6.357099112019196081e-30
3.827420131538828012e-31
0.000000000000000000e+00
0.000000000000000000e+00
5.626415234798860521e-01
7.924355294525757820e+00
5.605593434786431545e-03
1.137185207878498749e+00
-8.202930531114194394e-30
0.000000000000000000e+00
3.190573772941840248e-32
-1.655662535134454205e-30
3.316885189686405971e-30
-5.755550190559880388e-30
6.284778943550314184e-30
4.010644266116267996e-31
0.000000000000000000e+00
0.000000000000000000e+00
5.598919816717555786e-01
7.924355294525757820e+00
2.856051626656019252e-03
1.139934749686629223e+00
-8.054392294647731106e-30
0.000000000000000000e+00
1.913164286270549524e-32
-1.690167368977620771e-30
3.322338891459706793e-30
-5.703513929308667598e-30
6.203885738025190348e-30
4.224541786796005015e-31
0.000000000000000000e+00
0.000000000000000000e+00
5.584928750335852454e-01
7.924355294525757820e+00
1.456944988485669350e-03
1.141333856324799667e+00
-7.909100947081234472e-30
0.000000000000000000e+00
1.209618542786470991e-32
-1.727508549773201714e-30
3.327072773540555216e-30
-5.651500367107802248e-30
6.119020894932876680e-30
4.390263829104437690e-31
0.000000000000000000e+00
0.000000000000000000e+00
5.577796202190492547e-01
7.924355294525757820e+00
7.436901739497873845e-04
1.142047111139335325e+00
-7.766181872727371815e-30
0.000000000000000000e+00
6.967086929752034622e-33
-1.748613944397150728e-30
3.331094143359666526e-30
-5.599514280694570963e-30
6.031464749337264903e-30
4.523144745082809897e-31
0.000000000000000000e+00
0.000000000000000000e+00
5.574156642213022872e-01
7.924355294525757820e+00
3.797341762027235884e-04
1.142411067137082625e+00
-7.625981366224864844e-30
0.000000000000000000e+00
3.874199662090930676e-33
-1.769085452977444818e-30
3.334413055700414582e-30
-5.547558814221065168e-30
5.943110331115344019e-30
4.639234763030747559e-31
0.000000000000000000e+00
0.000000000000000000e+00
5.572298570012983454e-01
7.924355294525757820e+00
1.939269561987992847e-04
1.142596874357086456e+00
-7.488749751803565093e-30
0.000000000000000000e+00
1.918936851151076881e-33
-1.806037481074870776e-30
3.336994430772330027e-30
-5.495739651112429537e-30
5.854554634627574725e-30
4.359795267446134501e-31
0.000000000000000000e+00
0.000000000000000000e+00
5.571349751147915974e-01
7.924355294525757820e+00
9.904506969206986193e-05
1.142691756243593204e+00
-7.354284156020366808e-30
0.000000000000000000e+00
-6.875030798051184288e-34
-1.842493511393838358e-30
3.338898773283669405e-30
-5.443949189758926776e-30
5.765712411899450703e-30
4.062258816869656741e-31
0.000000000000000000e+00
0.000000000000000000e+00
5.570865178720568744e-01
7.924355294525757820e+00
5.058782695737673720e-05
1.142740213486327816e+00
-7.222541595228902563e-30
0.000000000000000000e+00
-1.246746038828865231e-33
-1.910948906295579939e-30
3.340142456339007644e-30
-5.392187084199633267e-30
5.677650590967738250e-30
3.762329090657223044e-31
0.000000000000000000e+00
0.000000000000000000e+00
5.570617686241302602e-01
7.924355294525757820e+00
2.583857903071875382e-05
1.142764962734254652e+00
-7.093477583631054426e-30
0.000000000000000000e+00
-3.047900414032787607e-33
-1.978430598718118207e-30
3.340743830826553463e-30
-5.340452075034487488e-30
5.590111270110347260e-30
3.450819722116946656e-31
0.000000000000000000e+00
0.000000000000000000e+00
5.570491276781758261e-01
7.924355294525757820e+00
1.319763307623149388e-05
1.142777603680209086e+00
-6.966731339556497368e-30
0.000000000000000000e+00
-5.953496378662597882e-33
-2.010608509215062059e-30
3.341035209848925915e-30
-5.289194699399507412e-30
5.501994026690855529e-30
3.419269241160376032e-31
0.000000000000000000e+00
0.000000000000000000e+00
5.570426710700718820e-01
7.924355294525757820e+00
6.741024972316451381e-06
1.142784060288313031e+00
-6.842635581265246705e-30
0.000000000000000000e+00
-4.776976213845095153e-33
-2.039501955864893731e-30
3.340705407494889827e-30
-5.237940979196902292e-30
5.416701150173478298e-30
3.405485033439990450e-31
0.000000000000000000e+00
0.000000000000000000e+00
5.570393732041137858e-01
7.924355294525757820e+00
3.443159014204670794e-06
1.142787358154271127e+00
-6.720872377622546357e-30
0.000000000000000000e+00
-1.901846786872098008e-33
-2.123785378088525735e-30
3.339776807217934224e-30
-5.186688219536641017e-30
5.334921627299396160e-30
3.421591733293325590e-31
0.000000000000000000e+00
0.000000000000000000e+00
5.570376887333678972e-01
7.924355294525757820e+00
1.758688268411443287e-06
1.142789042625016904e+00
-6.601891247329508129e-30
0.000000000000000000e+00
-2.097725253264623331e-34
-2.204137859957619114e-30
3.338272731795371072e-30
-5.135433648679885812e-30
5.256033061976125112e-30
3.458093093320219404e-31
0.000000000000000000e+00
0.000000000000000000e+00
5.570368283442340696e-01
7.924355294525757820e+00
8.982991345686183780e-07
1.142789903014150621e+00
-6.485464635682699816e-30
0.000000000000000000e+00
1.132145810446851143e-33
-2.219779283328437067e-30
3.336245951937149256e-30
-5.084254883721183153e-30
5.179856994058485241e-30
3.255218112647138271e-31
0.000000000000000000e+00
0.000000000000000000e+00
5.570363888766395322e-01
7.924355294525757820e+00
4.588315400247773162e-07
1.142790342481745158e+00
-6.371576981685546332e-30
0.000000000000000000e+00
2.880387125519336996e-33
-2.232065581024996499e-30
3.333684765651069835e-30
-5.033059621869693539e-30
5.106413169102781892e-30
3.067108263718082695e-31
0.000000000000000000e+00
0.000000000000000000e+00
5.570361644062555850e-01
7.924355294525757820e+00
2.343611560156053645e-07
1.142790566952129216e+00
-6.260015863508280205e-30
0.000000000000000000e+00
4.553391617818804691e-33
-2.240422043791880884e-30
3.330612870802588717e-30
-4.981845298146381648e-30
5.035712014841652548e-30
2.892563213233577727e-31
0.000000000000000000e+00
0.000000000000000000e+00
5.570360497516850806e-01
7.924355294525757820e+00
1.197065855079801419e-07
1.142790681606699721e+00
-6.150955836887168670e-30
0.000000000000000000e+00
7.250207153024051861e-33
-2.244563506382122924e-30
3.327054054987778054e-30
-4.930609791310241823e-30
4.968702063731067979e-30
2.738786012103527597e-31
0.000000000000000000e+00
0.000000000000000000e+00
5.570359911886252346e-01
7.924355294525757820e+00
6.114352563634883316e-08
1.142790740169759678e+00
-6.044259492143408061e-30
0.000000000000000000e+00
1.223817930339075683e-32
-2.243087490093832096e-30
3.323380435015456829e-30
-4.878732887810096603e-30
4.906913099211256747e-30
2.742839654029568572e-31
0.000000000000000000e+00
0.000000000000000000e+00
5.570359612758861712e-01
7.924355294525757820e+00
3.123078659034195663e-08
1.142790770082498630e+00
-5.938207024761968279e-30
0.000000000000000000e+00
1.967453986178684612e-32
-2.234319927131154380e-30
3.319264008413032190e-30
-4.826832151465602894e-30
4.851631097487698083e-30
2.793982117075719515e-31
0.000000000000000000e+00
0.000000000000000000e+00
5.570359459971081506e-01
7.924355294525757820e+00
1.595200855672864254e-08
1.142790785361276651e+00
-5.834547520701108639e-30
0.000000000000000000e+00
1.132551846113850018e-32
-2.250270356002337404e-30
3.314724712119817768e-30
-4.774907564234855196e-30
4.791091773089198607e-30
2.771952609153310276e-31
0.000000000000000000e+00
0.000000000000000000e+00
5.570359381930396481e-01
7.924355294525757820e+00
8.147940110376491425e-09
1.142790793165345153e+00
-5.733226956653663854e-30
0.000000000000000000e+00
6.462048663082431593e-33
-2.268872368977800829e-30
3.309782223037008446e-30
-4.722960014856781923e-30
4.728226480652178064e-30
2.704123593800877016e-31
0.000000000000000000e+00
0.000000000000000000e+00
5.570359342068906816e-01
7.924355294525757820e+00
4.161791164956332801e-09
1.142790797151494120e+00
-5.634237624572102848e-30
0.000000000000000000e+00
3.599252944132217005e-33
-2.269258160128296973e-30
3.304453813529724159e-30
-4.671047195393753054e-30
4.664622134917128955e-30
2.769876746317520506e-31
0.000000000000000000e+00
0.000000000000000000e+00
5.570359321708522327e-01
7.924355294525757820e+00
2.125752705229475597e-09
1.142790799187532569e+00
-5.537453004952469270e-30
0.000000000000000000e+00
1.291622598768278569e-33
-2.269789444450285868e-30
3.298763959350423660e-30
-4.619118335132821339e-30
4.600612917601197881e-30
2.819948113471276516e-31
0.000000000000000000e+00
0.000000000000000000e+00
5.570359311308878958e-01
7.924355294525757820e+00
1.085788399467936479e-09
1.142790800227496906e+00
-5.443079694710490452e-30
0.000000000000000000e+00
1.513479330805949876e-34
-2.262621359597293077e-30
3.292731737857353280e-30
-4.567177120920843768e-30
4.537453520105602562e-30
2.863082676403288235e-31
0.000000000000000000e+00
0.000000000000000000e+00
5.570359305996966937e-01
7.924355294525757820e+00
5.545971768347712366e-10
1.142790800758688219e+00
-5.350903444718299002e-30
0.000000000000000000e+00
-1.113355392621784283e-33
-2.255192832434999192e-30
3.286375673218318030e-30
-4.515228217117051765e-30
4.474868552735642699e-30
2.898221646795653421e-31
0.000000000000000000e+00
0.000000000000000000e+00
5.570359303283757280e-01
7.924355294525757820e+00
2.832762154919984681e-10
1.142790801030009185e+00
-5.260614405362073117e-30
0.000000000000000000e+00
-2.944345884697703800e-33
-2.255225674554492221e-30
3.279745598427155269e-30
-4.487602746064549600e-30
4.412236717378216571e-30
2.802423780639364657e-31
0.000000000000000000e+00
0.000000000000000000e+00
5.570359301897909177e-01
7.924355294525757820e+00
1.446913500916418511e-10
1.142790801168593884e+00
-5.171455030537457139e-30
0.000000000000000000e+00
-7.711306212606954659e-33
-2.257412927299787176e-30
3.272825361520731467e-30
-4.460318024992222876e-30
4.346923322905332488e-30
2.671351947996660920e-31
0.000000000000000000e+00
0.000000000000000000e+00
5.570359301190047630e-01
7.924355294525757820e+00
7.390520505324583355e-11
1.142790801239379928e+00
-5.086008458724881983e-30
0.000000000000000000e+00
-4.536007480041129018e-33
-2.255424554894192640e-30
3.265631581396716049e-30
-4.433379792661104355e-30
4.284912482178126860e-30
2.565663008927271905e-31
0.000000000000000000e+00
0.000000000000000000e+00
5.570359300828487958e-01
7.924355294525757820e+00
3.774917664861341284e-11
1.142790801275536117e+00
-5.001838296623713742e-30
0.000000000000000000e+00
-2.554856550531783641e-33
-2.250522549618082597e-30
3.258180248539628018e-30
-4.406794577142361092e-30
4.226504451685371105e-30
2.475912232964227256e-31
0.000000000000000000e+00
0.000000000000000000e+00
5.570359300643810130e-01
7.924355294525757820e+00
1.928146111826191230e-11
1.142790801294003789e+00
-4.912030725234020819e-30
0.000000000000000000e+00
-1.437140303690471220e-33
-2.239870988904560403e-30
3.249746326320013744e-30
-4.354524024915923800e-30
4.176160814516017454e-30
2.468407970958102539e-31
0.000000000000000000e+00
0.000000000000000000e+00
5.570359300549481141e-01
7.924355294525757820e+00
9.848552362314416926e-12
1.142790801303436687e+00
-4.825649107554721013e-30
0.000000000000000000e+00
-3.085563741343773776e-33
-2.229164110355515341e-30
3.241072267716648028e-30
-4.302244641345690041e-30
4.115987319673513321e-30
2.448941596491789410e-31
0.000000000000000000e+00
0.000000000000000000e+00
5.570359300501299682e-01
7.924355294525757820e+00
5.030427053154912412e-12
1.142790801308254833e+00
-4.750417751768929572e-30
0.000000000000000000e+00
-2.696558313428605339e-32
-2.238925033008937421e-30
3.232171568346737634e-30
-4.249966365534007989e-30
4.075416825783235684e-30
2.249280769791906425e-31
0.000000000000000000e+00
0.000000000000000000e+00
5.570359300476689368e-01
7.924355294525757820e+00
2.569433090897511538e-12
1.142790801310715976e+00
-4.679001365625803900e-30
0.000000000000000000e+00
1.568746746147044325e-32
-2.214906215640386246e-30
3.223057026985142986e-30
-4.197699613915951934e-30
4.081768972859000329e-30
2.375749772463580010e-31
0.000000000000000000e+00
0.000000000000000000e+00
3.037107708551249341e-01
4.320568791360283711e+00
1.400923104960875596e-12
6.230798705615305799e-01
3.337891183949576401e+00
0.000000000000000000e+00
5.971323301351357804e-01
1.775083989532376805e+01
-1.540480571250587820e-30
-4.663749088991720190e-31
3.138937924943957980e-30
-5.333907089019858500e-30
0.000000000000000000e+00
0.000000000000000000e+00
3.037107708543195228e-01
4.320568791360283711e+00
5.955169515862483010e-13
3.839321184762881645e-01
3.334681384069059007e+00
0.000000000000000000e+00
3.579845780490879537e-01
1.799130957965844146e+01
1.887867631890453694e-03
1.321932248626626286e-03
2.359379522055307377e-01
2.391477520860478267e-01
0.000000000000000000e+00
0.000000000000000000e+00
3.037107708539771300e-01
4.320568791360283711e+00
2.531476841026989610e-13
2.696180787508239973e-01
3.329986891539381766e+00
0.000000000000000000e+00
2.436705383232813660e-01
1.810755701127686734e+01
4.648968268950086878e-03
3.255324141244470525e-03
3.455574994016598067e-01
3.534617918118543867e-01
0.000000000000000000e+00
0.000000000000000000e+00
3.037107708538316353e-01
4.320568791360283711e+00
1.076102868203514065e-13
2.054495528798527537e-01
3.324504178291503464e+00
0.000000000000000000e+00
1.795020124521646276e-01
1.817398355189100201e+01
7.873666773811035732e-03
5.513338884261746731e-03
4.042433120248983824e-01
4.176303176829711528e-01
0.000000000000000000e+00
0.000000000000000000e+00
3.037107708537697959e-01
4.320568791360283711e+00
4.574394535982323105e-14
1.653450128645243544e-01
3.318568650185609759e+00
0.000000000000000000e+00
1.393974724367743612e-01
1.821653259508661904e+01
1.136469169947978280e-02
7.957842064487187853e-03
4.384123239343944434e-01
4.577348576983614192e-01
0.000000000000000000e+00
0.000000000000000000e+00
3.037107708537434281e-01
4.320568791360283711e+00
1.944524635061988458e-14
1.383058480441419213e-01
3.312362695046457972e+00
0.000000000000000000e+00
1.123583076163656019e-01
1.824612763645302849e+01
1.501477029262906701e-02
1.051371861048950446e-02
4.592455336156516243e-01
4.847740225187701646e-01
0.000000000000000000e+00
0.000000000000000000e+00
3.037107708537322703e-01
4.320568791360283711e+00
8.265959629455215010e-15
1.190281088555649458e-01
3.305994554289021004e+00
0.000000000000000000e+00
9.308056842777746864e-02
1.826802804713031136e+01
1.876023956137063547e-02
1.313639009918462358e-02
4.721551320468030388e-01
5.040517617073583256e-01
0.000000000000000000e+00
0.000000000000000000e+00
3.037107708537275519e-01
4.320568791360283711e+00
3.513768216858093849e-15
1.046857485136018923e-01
3.299532779672532445e+00
0.000000000000000000e+00
7.873820808580966890e-02
1.828503164137060821e+01
2.256078027952765006e-02
1.579762399751647589e-02
4.800357177722819890e-01
5.183941220493261115e-01
0.000000000000000000e+00
0.000000000000000000e+00
3.037107708537254980e-01
4.320568791360283711e+00
1.493664091681014420e-15
9.365281740926349741e-02
3.293022987790100498e+00
0.000000000000000000e+00
6.770527698146924789e-02
1.829874558192774003e+01
2.638956270916818780e-02
1.847863345030767088e-02
4.845588569941907120e-01
5.294270531536665603e-01
0.000000000000000000e+00
0.000000000000000000e+00
3.037107708537246653e-01
4.320568791360283711e+00
6.349401215690303354e-16
8.493522225183539054e-02
3.286496716395195250e+00
0.000000000000000000e+00
5.898768182404028060e-02
1.831015097350281806e+01
3.022803768642734132e-02
2.116642986795379613e-02
4.867501807567143346e-01
5.381446483110955414e-01
0.000000000000000000e+00
0.000000000000000000e+00
3.037107708537242767e-01
4.320568791360283711e+00
2.699060385955850680e-16
7.789453629537335111e-02
3.279976429295013762e+00
0.000000000000000000e+00
5.194699586757786647e-02
1.831987699128957559e+01
3.406299295631229351e-02
2.385176169825010267e-02
4.872705796129955247e-01
5.451853342675578862e-01
0.000000000000000000e+00
0.000000000000000000e+00
3.037107708537241102e-01
4.320568791360283711e+00
1.147340783731546601e-16
7.210377221596483976e-02
3.273478503424029018e+00
0.000000000000000000e+00
4.615623178816920941e-02
1.832834387789306518e+01
3.788479630321764380e-02
2.652788422232996851e-02
4.865634178214189309e-01
5.509760983469665918e-01
0.000000000000000000e+00
0.000000000000000000e+00
3.037107708537240547e-01
4.320568791360283711e+00
4.877219053205916467e-17
6.726748147644238951e-02
3.267015094390232743e+00
0.000000000000000000e+00
4.131994104864670364e-02
1.833584207565355229e+01
4.168629831604918345e-02
2.918979124329458552e-02
4.849362995271453425e-01
5.558123890864891115e-01
0.000000000000000000e+00
0.000000000000000000e+00
3.037107708537240547e-01
4.320568791360283711e+00
2.073251995417651437e-17
6.317524490731635245e-02
3.260595347038751868e+00
0.000000000000000000e+00
3.722770447952063883e-02
1.834257823750396099e+01
4.546212038624713320e-02
3.183371652457746281e-02
4.826087887447905733e-01
5.599046256556151624e-01
0.000000000000000000e+00
0.000000000000000000e+00
3.037107708537240547e-01
4.320568791360283711e+00
8.813165432210460805e-18
5.967343854411621962e-02
3.254226207084079725e+00
0.000000000000000000e+00
3.372589811632048518e-02
1.834870312686781801e+01
4.920817734026152607e-02
3.445679952523511558e-02
4.797414551533186189e-01
5.634064320188153507e-01
0.000000000000000000e+00
0.000000000000000000e+00
3.037107708537239992e-01
4.320568791360283711e+00
3.746379364745880793e-18
5.664746378084414835e-02
3.247912980832234453e+00
0.000000000000000000e+00
3.069992335304841391e-02
1.835432915698838841e+01
5.292134823480957456e-02
3.705685488253236681e-02
4.764542036647454459e-01
5.664324067820873942e-01
0.000000000000000000e+00
0.000000000000000000e+00
3.037107708537239992e-01
4.320568791360283711e+00
1.592544523593890631e-18
5.401020752930935087e-02
3.241659730767397996e+00
0.000000000000000000e+00
2.806266710151361296e-02
1.835954176784991176e+01
5.659924368965640884e-02
3.963220949252201086e-02
4.728382098514437581e-01
5.690696630336221640e-01
0.000000000000000000e+00
0.000000000000000000e+00
3.037107708537239992e-01
4.320568791360283711e+00
6.769731019487575649e-19
5.169433965387615348e-02
3.235469561218033085e+00
0.000000000000000000e+00
2.574679922608041557e-02
1.836440701109339813e+01
6.024003787096767620e-02
4.218158486057579232e-02
4.689639081775118790e-01
5.713855309090554169e-01
0.000000000000000000e+00
0.000000000000000000e+00
3.037107708537239992e-01
4.320568791360283711e+00
2.877737946866931860e-19
4.964704558778165050e-02
3.229344828604911122e+00
0.000000000000000000e+00
2.369950515998591259e-02
1.836897673081121241e+01
6.384234483237044566e-02
4.470401051229481310e-02
4.648864696304846333e-01
5.734328249751498019e-01
0.000000000000000000e+00
0.000000000000000000e+00
3.037107708537239992e-01
4.320568791360283711e+00
1.223294643022130193e-19
4.782634578868531772e-02
3.223287298817539615e+00
0.000000000000000000e+00
2.187880536088957981e-02
1.837329217927721103e+01
6.740512595283966457e-02
4.719875917919691410e-02
4.606496396422096185e-01
5.752535247742462943e-01
0.000000000000000000e+00
0.000000000000000000e+00
3.037107708537239992e-01
4.320568791360283711e+00
5.200090526916348918e-20
4.619847392356035004e-02
3.217298266804619722e+00
0.000000000000000000e+00
2.025093349576460866e-02
1.837738658950941328e+01
7.092761959868214283e-02
4.966529754627441867e-02
4.562884794944145894e-01
5.768813966393712134e-01
0.000000000000000000e+00
0.000000000000000000e+00
3.037107708537239992e-01
4.320568791360283711e+00
2.210501095736084465e-20
4.473597655028101888e-02
3.211378648688334003e+00
0.000000000000000000e+00
1.878843612248527750e-02
1.838128703765182692e+01
7.440928694583404113e-02
5.210324831540837087e-02
4.518313587514081187e-01
5.783438940126505168e-01
0.000000000000000000e+00
0.000000000000000000e+00
3.037107708537239992e-01
4.320568791360283711e+00
9.396596211061420266e-21
4.341631396470873455e-02
3.205529053584339483e+00
0.000000000000000000e+00
1.746877353691299317e-02
1.838501581254882922e+01
7.784976973839898007e-02
5.451236062683788991e-02
4.473014262329859658e-01
5.796635565982227734e-01
0.000000000000000000e+00
0.000000000000000000e+00
3.037107708537239992e-01
4.320568791360283711e+00
3.994389350170010824e-21
4.222081524925225954e-02
3.199749840217844810e+00
0.000000000000000000e+00
1.627327482145652510e-02
1.838859143737969859e+01
8.124885698948232371e-02
5.689248674224948316e-02
4.427177115819474484e-01
5.808590553136792067e-01
0.000000000000000000e+00
0.000000000000000000e+00
3.037107708537239992e-01
4.320568791360283711e+00
1.697970831417003253e-21
4.113388763516039742e-02
3.194041162001105771e+00
0.000000000000000000e+00
1.518634720736465604e-02
1.839202944173148424e+01
8.460645846852633822e-02
5.924356347994434724e-02
4.380959609793004250e-01
5.819459829277711105e-01
0.000000000000000000e+00
0.000000000000000000e+00
3.037107708537239992e-01
4.320568791360283711e+00
7.217886619515828414e-22
4.014241111255292815e-02
3.188403003249915546e+00
0.000000000000000000e+00
1.419487068475719024e-02
1.839534295207349501e+01
8.792258340031407216e-02
6.156559729934686642e-02
4.334492787507176481e-01
5.829374594503786700e-01
0.000000000000000000e+00
0.000000000000000000e+00
3.037107708537239992e-01
4.320568791360283711e+00
3.068243946668402248e-22
3.923526977704409890e-02
3.182835208521126447e+00
0.000000000000000000e+00
1.328772934924835579e-02
1.839854314832821913e+01
9.119732320988671592e-02
6.385865221856310003e-02
4.287886253574376139e-01
5.838446007858874021e-01
0.000000000000000000e+00
0.000000000000000000e+00
3.037107708537239992e-01
4.320568791360283711e+00
1.304276641099506268e-22
3.840298534342870967e-02
3.177337506556384028e+00
0.000000000000000000e+00
1.245544491563297176e-02
1.840163962049660640e+01
9.443083743985980494e-02
6.612283995333248510e-02
4.241232078263105221e-01
5.846768852195027844e-01
0.000000000000000000e+00
0.000000000000000000e+00
3.037107708537239992e-01
4.320568791360283711e+00
5.544336066224568517e-23
3.763742786133813384e-02
3.171909529957509744e+00
0.000000000000000000e+00
1.168988743354239593e-02
1.840464064983923009e+01
9.762334217819970683e-02
6.835831181386689548e-02
4.194607887095267995e-01
5.854424427015932908e-01
0.000000000000000000e+00
0.000000000000000000e+00
3.037107708537239992e-01
4.320568791360283711e+00
2.356836077885140847e-23
3.693158538012795977e-02
3.166550831455314352e+00
0.000000000000000000e+00
1.098404495233222186e-02
1.840755343251123222e+01
1.007751004896012409e-01
7.056525200466118308e-02
4.148079326885411033e-01
5.861482851828035967e-01
0.000000000000000000e+00
0.000000000000000000e+00
3.037107708537239992e-01
4.320568791360283711e+00
1.001865009197277146e-23
3.627937906430234866e-02
3.161260897438124218e+00
0.000000000000000000e+00
1.033183863650661248e-02
1.841038425887526486e+01
1.038864144585829735e-01
7.274387205286915459e-02
4.101702049871770450e-01
5.868004914986291176e-01
0.000000000000000000e+00
0.000000000000000000e+00
3.037107708537239992e-01
4.320568791360283711e+00
4.258817616551034555e-24
3.567551366977213950e-02
3.156039159259834470e+00
0.000000000000000000e+00
9.727973241976399857e-03
1.841313865836809427e+01
1.069576185385742867e-01
7.489440615116751965e-02
4.055523322034175759e-01
5.874043568931593962e-01
0.000000000000000000e+00
0.000000000000000000e+00
3.037107708537239992e-01
4.320568791360283711e+00
1.810376365737993154e-24
3.511535576407912029e-02
3.150885002736413476e+00
0.000000000000000000e+00
9.167815336283378913e-03
1.841582151736930939e+01
1.099890739664733802e-01
7.701710724668933694e-02
4.009583335856896635e-01
5.879645147988524778e-01
0.000000000000000000e+00
0.000000000000000000e+00
3.037107708537239992e-01
4.320568791360283711e+00
7.695710093975406393e-25
3.459483388688922023e-02
3.145797776155126346e+00
0.000000000000000000e+00
8.647293459093484055e-03
1.841843717574229444e+01
1.129811640519644278e-01
7.911224374248583546e-02
3.963916288815920175e-01
5.884850366760422391e-01
0.000000000000000000e+00
0.000000000000000000e+00
3.037107708537239992e-01
4.320568791360283711e+00
3.271361418139298242e-25
3.411035618999603419e-02
3.140776797055464531e+00
0.000000000000000000e+00
8.162815762200296282e-03
1.842098950640155408e+01
1.159342901892621153e-01
8.118009670484996332e-02
3.918551274788234506e-01
5.889695143729355431e-01
0.000000000000000000e+00
0.000000000000000000e+00
3.037107708537239992e-01
4.320568791360283711e+00
1.390619599259701191e-25
3.365874210017246598e-02
3.135821357990095759e+00
0.000000000000000000e+00
7.711201672376723736e-03
1.842348198127724146e+01
1.188488684687676877e-01
8.322095749071288517e-02
3.873513025032784829e-01
5.894211284627590697e-01
0.000000000000000000e+00
0.000000000000000000e+00
3.037107708537239992e-01
4.320568791360283711e+00
5.911377848706549457e-26
3.323716530564969907e-02
3.130930731434446113e+00
0.000000000000000000e+00
7.289624877853960287e-03
1.842591772630671798e+01
1.217253267894613522e-01
8.523512572566888101e-02
3.828822527421515964e-01
5.898427052572818852e-01
0.000000000000000000e+00
0.000000000000000000e+00
3.037107708537239992e-01
4.320568791360283711e+00
2.512861422583329907e-26
3.284310594317188525e-02
3.126104173982246159e+00
0.000000000000000000e+00
6.895565515376149944e-03
1.842829956751959841e+01
1.245641023912600759e-01
8.722290757607030487e-02
3.784497546524292488e-01
5.902367646197596018e-01
0.000000000000000000e+00
0.000000000000000000e+00
3.037107708537239992e-01
4.320568791360283711e+00
1.068189582055709325e-26
3.247431030432126886e-02
3.121340929939528497e+00
0.000000000000000000e+00
6.526769876525530950e-03
1.843063006985124375e+01
1.273656397411813690e-01
8.918461426886657717e-02
3.740553062485622582e-01
5.906055602586102182e-01
0.000000000000000000e+00
0.000000000000000000e+00
3.037107708537239992e-01
4.320568791360283711e+00
4.540756415563370967e-27
3.212875672102243063e-02
3.116640234409713717e+00
0.000000000000000000e+00
6.181216293226685782e-03
1.843291156998671454e+01
1.301303887188279274e-01
9.112056082103489607e-02
3.697001643020462192e-01
5.909511138419091258e-01
0.000000000000000000e+00
0.000000000000000000e+00
1.998861933568986671e-01
2.843567405969837036e+00
3.022166456000938904e-27
2.114543010839782175e-02
2.051205990383370814e+00
-4.940656458412465442e-324
4.068146123680919587e-03
1.756225719575366284e+01
8.564486523788060468e-02
5.997068193486854853e-02
2.433168844095668359e-01
3.889324315823159961e-01
4.115492772394373916e-02
2.342859389110804713e+00
1.998861933568986671e-01
2.843567405969837036e+00
1.940580140668193077e-27
2.105013698232268901e-02
2.050339934111982121e+00
-4.940656458412465442e-324
3.972852997605787716e-03
1.756250130793340603e+01
8.636210245560023424e-02
6.011950098853758445e-02
2.425461212642532893e-01
3.890277247083910872e-01
4.115492772394373916e-02
2.342859389110804713e+00
1.998861933568986671e-01
2.843567405969837036e+00
1.246074045874779125e-27
2.095747611468430985e-02
2.049476991621368871e+00
-4.940656458412465442e-324
3.880192129967408553e-03
1.756274225279721080e+01
8.707676095005019434e-02
6.026778498470098527e-02
2.417758396412783284e-01
3.891203855760295149e-01
4.115492772394373916e-02
2.342859389110804713e+00
1.998861933568986671e-01
2.843567405969837036e+00
8.001202491042592683e-28
2.086735654421303585e-02
2.048617157269496225e+00
-4.940656458412465442e-324
3.790072559496132382e-03
1.756298012227583882e+01
8.778884539376423379e-02
6.041553489285952233e-02
2.410061248598770189e-01
3.892105051465007959e-01
4.115492772394373916e-02
2.342859389110804713e+00
1.998861933568986671e-01
2.843567405969837036e+00
5.137673605579308565e-28
2.077969130158205738e-02
2.047760425142788776e+00
-4.940656458412465442e-324
3.702407316865154348e-03
1.756321500435478455e+01
8.849836068415677104e-02
6.056275172917434391e-02
2.402370579758006386e-01
3.892981703891317813e-01
4.115492772394373916e-02
2.342859389110804713e+00
1.998861933568986671e-01
2.843567405969837036e+00
3.298931684430531670e-28
2.069439719313868192e-02
2.046906789071043065e+00
-4.940656458412465442e-324
3.617113208421777158e-03
1.756344698328795673e+01
8.920531193117262059e-02
6.070943655390435151e-02
2.394687160124981673e-01
3.893834644975751047e-01
4.115492772394373916e-02
2.342859389110804713e+00
1.998861933568986671e-01
2.843567405969837036e+00
2.118213906427952663e-28
2.061139459855249045e-02
2.046056242641526524e+00
-4.940656458412465442e-324
3.534110613835588725e-03
1.756367613979762510e+01
8.990970444560986152e-02
6.085559046898336710e-02
2.387011721775680884e-01
3.894664670921613170e-01
4.115492772394373916e-02
2.342859389110804713e+00
1.998861933568986671e-01
2.843567405969837036e+00
1.360008273051341113e-28
2.053060728134787488e-02
2.045208779212318362e+00
-4.940656458412465442e-324
3.453323296630970551e-03
1.756390255126157030e+01
9.061154372807364576e-02
6.100121461572814707e-02
2.379344960655641605e-01
3.895472544093659395e-01
4.115492772394373916e-02
2.342859389110804713e+00
1.998861933568986671e-01
2.843567405969837036e+00
8.732868836864792320e-29
2.045196221137478287e-02
2.044364391924929247e+00
-4.940656458412465442e-324
3.374678226657881579e-03
1.756412629188848484e+01
9.131083545852143601e-02
6.114631017266911051e-02
2.371687538481484780e-01
3.896258994793390107e-01
4.115492772394373916e-02
2.342859389110804713e+00
1.998861933568986671e-01
2.843567405969837036e+00
5.607580221431320089e-29
2.037538939835021809e-02
2.043523073716260630e+00
-4.940656458412465442e-324
3.298105413633315493e-03
1.756434743288233946e+01
9.200758548636300826e-02
6.129087835349626701e-02
2.364040084525043106e-01
3.897024722923635998e-01
4.115492772394373916e-02
2.342859389110804713e+00
1.998861933568986671e-01
2.843567405969837036e+00
3.600975771951596733e-29
2.030082173567396286e-02
2.042684817329925462e+00
-4.940656458412465442e-324
3.223537750957062437e-03
1.756456604259663123e+01
9.270179982108148198e-02
6.143492040511309982e-02
2.356403197288452489e-01
3.897770399550398723e-01
4.115492772394373916e-02
2.342859389110804713e+00
1.998861933568986671e-01
2.843567405969837036e+00
2.312569718355080974e-29
2.022819485378701473e-02
2.041849615326984058e+00
-4.940656458412465442e-324
3.150910869070112138e-03
1.756478218667919577e+01
9.339348462334373657e-02
6.157843760579211068e-02
2.348777446077909281e-01
3.898496668369267892e-01
4.115492772394373916e-02
2.342859389110804713e+00
1.998861933568986671e-01
2.843567405969837036e+00
1.486761154364638112e-29
2.015744698239982369e-02
2.041017460096123504e+00
-4.940656458412465442e-324
3.080162997682920224e-03
1.756499592820821931e+01
9.408264619657066841e-02
6.172143126342573977e-02
2.341163372483175964e-01
3.899204147083140115e-01
4.115492772394373916e-02
2.342859389110804713e+00
1.998861933568986671e-01
2.843567405969837036e+00
9.575094868984454567e-30
2.008851882097124203e-02
2.040188343863312603e+00
-4.940656458412465442e-324
3.011234836254339867e-03
1.756520732782008665e+01
9.476929097894030984e-02
6.186390271386708883e-02
2.333561491769351737e-01
3.899893428697425724e-01
4.115492772394373916e-02
2.342859389110804713e+00
1.998861933568986671e-01
2.843567405969837036e+00
6.192563899921527654e-30
2.002135341686778550e-02
2.039362258700966990e+00
-4.940656458412465442e-324
2.944069432150883767e-03
1.756541644382967959e+01
9.545342553579805323e-02
6.200585331935511840e-02
2.325972294186928468e-01
3.900565082738460254e-01
4.115492772394373916e-02
2.342859389110804713e+00
1.998861933568986671e-01
2.843567405969837036e+00
4.043632646922297197e-30
1.995589605067743522e-02
2.038539196536650167e+00
-4.940656458412465442e-324
2.878612065960532620e-03
1.756562333234353446e+01
9.613505655245035975e-02
6.214728446701944797e-02
2.318396246205665645e-01
3.901219656400364277e-01
4.115492772394373916e-02
2.342859389110804713e+00
1.998861933568986671e-01
2.843567405969837036e+00
2.590002635763773263e-30
1.989209412819289632e-02
2.037719149161340226e+00
-4.940656458412465442e-324
2.814810143475995029e-03
1.756582804736645897e+01
9.681419082731988757e-02
6.228819756746008934e-02
2.310833791677409377e-01
3.901857675625209354e-01
4.115492772394373916e-02
2.342859389110804713e+00
1.998861933568986671e-01
2.843567405969837036e+00
1.655947749784057331e-30
1.982989707861639722e-02
2.036902108237280906e+00
-4.940656458412465442e-324
2.752613093899495059e-03
1.756603064090197108e+01
9.749083526544119471e-02
6.242859405339788031e-02
2.303285352932583352e-01
3.902479646120974310e-01
4.115492772394373916e-02
2.342859389110804713e+00
1.998861933568986671e-01
2.843567405969837036e+00
1.052350392335456719e-30
1.976925625857210017e-02
2.036088065305450723e+00
-4.940656458412465442e-324
2.691972273855196274e-03
1.756623116304701426e+01
9.816499687227793480e-02
6.256847537839160811e-02
2.295751331814721574e-01
3.903086054321416865e-01
4.115492772394373916e-02
2.342859389110804713e+00
1.998861933568986671e-01
2.843567405969837036e+00
6.561481272204456969e-31
1.971012486154337731e-02
2.035277011792658630e+00
-4.940656458412465442e-324
2.632840876826473848e-03
1.756642966208126566e+01
9.883668274784315755e-02
6.270784301561808938e-02
2.288232110657092144e-01
3.903677368291704197e-01
4.115492772394373916e-02
2.342859389110804713e+00
1.998861933568986671e-01
2.843567405969837036e+00
4.167329022987745107e-31
1.965245783238070074e-02
2.034468939018301725e+00
-4.940656458412465442e-324
2.575173847663796839e-03
1.756662618455152014e+01
9.950590008110633822e-02
6.284669845671159161e-02
2.280728053205151873e-01
3.904254038583331310e-01
4.115492772394373916e-02
2.342859389110804713e+00
1.998861933568986671e-01
2.843567405969837036e+00
2.579222613807733826e-31
1.959621178655203758e-02
2.033663838200789442e+00
-4.940656458412465442e-324
2.518927801835135413e-03
1.756682077535129949e+01
1.001726561446707603e-01
6.298504321065956368e-02
2.273239505488314494e-01
3.904816499041617872e-01
4.115492772394373916e-02
2.342859389110804713e+00
1.998861933568986671e-01
2.843567405969837036e+00
1.454433592346266199e-31
1.954134493383171550e-02
2.032861700463662213e+00
-4.940656458412465442e-324
2.464060949114812906e-03
1.756701347779611311e+01
1.008369582897069155e-01
6.312287880275126162e-02
2.265766796644239356e-01
3.905365167568821128e-01
4.115492772394373916e-02
2.342859389110804713e+00
1.998861933568986671e-01
2.843567405969837036e+00
5.606393459878136040e-32
1.948781700614568915e-02
2.032062516841415256e+00
-4.940656458412465442e-324
2.410533021428786556e-03
1.756720433369462242e+01
1.014988139411277801e-01
6.326020677357675759e-02
2.258310239698635979e-01
3.905900446845680940e-01
4.115492772394373916e-02
2.342859389110804713e+00
1.998861933568986671e-01
2.843567405969837036e+00
3.350309504219219707e-32
1.943558918931148627e-02
2.031266278285053239e+00
-4.940656458412465442e-324
2.358305204594585407e-03
1.756739338341595413e+01
1.021582305929931295e-01
6.339702867807330000e-02
2.250870132303358917e-01
3.906422725014023212e-01
4.115492772394373916e-02
2.342859389110804713e+00
1.998861933568986671e-01
2.843567405969837036e+00
1.562126670402314525e-32
1.938462405842972941e-02
2.030472975667372726e+00
-4.940656458412465442e-324
2.307340073712828548e-03
1.756758066595337908e+01
1.028152158041304998e-01
6.353334608461680411e-02
2.243446757435367811e-01
3.906932376322840850e-01
4.115492772394373916e-02
2.342859389110804713e+00
1.998861933568986671e-01
2.843567405969837036e+00
-2.491334449193401869e-33
1.933488551670126121e-02
2.029682599788003028e+00
-4.940656458412465442e-324
2.257601531984358614e-03
1.756776621898464796e+01
1.034697771939615679e-01
6.366916057415579477e-02
2.236040384058951835e-01
3.907429761740125462e-01
4.115492772394373916e-02
2.342859389110804713e+00
1.998861933568986671e-01
2.843567405969837036e+00
-2.137222968966903102e-32
1.928633873745979471e-02
2.028895141378211253e+00
-4.940656458412465442e-324
2.209054752742893417e-03
1.756795007892911897e+01
1.041219224385230707e-01
6.380447373938578914e-02
2.228651267753451459e-01
3.907915229532540335e-01
4.115492772394373916e-02
2.342859389110804713e+00
1.998861933568986671e-01
2.843567405969837036e+00
-2.645947660643452702e-32
1.923895010922455420e-02
2.028110591105485749e+00
-4.940656458412465442e-324
2.161666124507651606e-03
1.756813228100192958e+01
1.047716592666720486e-01
6.393928718396200972e-02
2.221279651308551983e-01
3.908389115814892567e-01
4.115492772394373916e-02
2.342859389110804713e+00
1.998861933568986671e-01
2.843567405969837036e+00
-3.596673794227358327e-32
1.919268718359078141e-02
2.027328939577905498e+00
-4.940656458412465442e-324
2.115403198873879679e-03
1.756831285926534747e+01
1.054189954564661580e-01
6.407360252174826298e-02
2.213925765289086189e-01
3.908851745071230677e-01
4.115492772394373916e-02
2.342859389110804713e+00
1.998861933568986671e-01
2.843567405969837036e+00
-5.520628768321688462e-32
1.914751862578852395e-02
2.026550177348309667e+00
-4.940656458412465442e-324
2.070234641071621359e-03
1.756849184667750308e+01
1.060639388317098919e-01
6.420742137610030431e-02
2.206589828571151046e-01
3.909303430649253008e-01
4.115492772394373916e-02
2.342859389110804713e+00
1.998861933568986671e-01
2.843567405969837036e+00
-8.736982053257808799e-32
1.910341416775146808e-02
2.025774294918279761e+00
-4.940656458412465442e-324
2.026130183034565053e-03
1.756866927513862464e+01
1.067064972586583421e-01
6.434074537918196834e-02
2.199272048851220462e-01
3.909744475229623428e-01
4.115492772394373916e-02
2.342859389110804713e+00
1.998861933568986671e-01
2.843567405969837036e+00
-5.996878456348598547e-32
1.906034456354830514e-02
2.025001282741937025e+00
-4.940656458412465442e-324
1.983060578831405147e-03
1.756884517553495684e+01
1.073466786428707020e-01
6.447357617131223295e-02
2.191972623129825604e-01
3.910175171271655370e-01
4.115492772394373916e-02
2.342859389110804713e+00
1.998861933568986671e-01
2.843567405969837036e+00
-4.498242858518516399e-32
1.901828154703888094e-02
2.024231131229572433e+00
-4.940656458412465442e-324
1.940997562321979206e-03
1.756901957778049450e+01
1.079844909262057812e-01
6.460591540034192615e-02
2.184691738171272157e-01
3.910595801436749785e-01
4.115492772394373916e-02
2.342859389110804713e+00
1.998861933568986671e-01
2.843567405969837036e+00
-4.127904481447322499e-32
1.897719779162644269e-02
2.023463830751108805e+00
-4.940656458412465442e-324
1.899913806909540523e-03
1.756919251085662381e+01
1.086199420839527030e-01
6.473776472105824409e-02
2.177429570940764281e-01
3.911006638990873752e-01
4.115492772394373916e-02
2.342859389110804713e+00
1.998861933568986671e-01
2.843567405969837036e+00
-4.056316523230201093e-32
1.893706687198583663e-02
2.022699371639413712e+00
-4.940656458412465442e-324
1.859782887268937070e-03
1.756936400284982014e+01
1.092530401220901115e-01
6.486912579461613648e-02
2.170186289020217263e-01
3.911407948187279882e-01
4.115492772394373916e-02
2.342859389110804713e+00
1.998861933568986671e-01
2.843567405969837036e+00
-1.870006856611163244e-31
1.889786322765519069e-02
2.021937744193457398e+00
-4.940656458412465442e-324
1.820579242938288531e-03
1.756953408098753400e+01
1.098837930746674463e-01
6.500000028799497731e-02
2.162962051003961828e-01
3.911799984630586202e-01
4.115492772394373916e-02
2.342859389110804713e+00
1.998861933568986671e-01
2.843567405969837036e+00
-1.172281352583201109e-31
1.885956212838588858e-02
2.021178938681337911e+00
-4.940656458412465442e-324
1.782278143668986851e-03
1.756970277167228645e+01
1.105122090013026387e-01
6.513038987347932740e-02
2.155757006875459736e-01
3.912182995623279536e-01
4.115492772394373916e-02
2.342859389110804713e+00
1.998861933568986671e-01
2.843567405969837036e+00
-7.370633081203222220e-32
1.882213964115247648e-02
2.020422945343166798e+00
-4.940656458412465442e-324
1.744855656435576269e-03
1.756987010051420484e+01
1.111382959847903168e-01
6.526029622816260922e-02
2.148571298366084292e-01
3.912557220495613275e-01
4.115492772394373916e-02
2.342859389110804713e+00
1.998861933568986671e-01
2.843567405969837036e+00
-4.645534396087507298e-32
1.878557259873020469e-02
2.019669754393831340e+00
-4.940656458412465442e-324
1.708288614013305125e-03
1.757003609236193498e+01
1.117620621288155786e-01
6.538972103347284737e-02
2.141405059296951907e-01
3.912922890919836028e-01
4.115492772394373916e-02
2.342859389110804713e+00
1.998861933568985005e-01
2.843567405969834372e+00
1.379168561172533238e-21
1.878557259873021856e-02
2.019669754393834005e+00
2.861690924791382749e-42
1.708288614013304691e-03
1.757003609236195274e+01
1.117620621288156479e-01
6.538972103347293063e-02
2.141405059296950797e-01
3.912922890919838803e-01
4.115492772394378079e-02
2.342859389110807378e+00
