2.974892777793429536e-17
2.592966759681261152e-13
4.996121355530038769e-16
2.003008352218709637e-15
2.705462201238527194e-13
1.881636778660865958e-36
1.667783889501274686e-16
2.405660377194632429e-12
1.851387786450359079e-06
1.129648851786021889e-14
2.365162831179450160e-14
5.358809826991494060e-14
5.629197994106012738e-15
3.204578431559732455e-13
4.367584397435272715e-07
3.806860283230872801e-03
7.335048121059159785e-06
2.940713726688281535e-05
3.972020298070985146e-03
2.762522293730579404e-26
2.448554431424781648e-06
3.531866696976164455e-02
2.718112219056352009e-04
1.658492277930393181e-04
3.472410285158351244e-04
7.867528659823201870e-04
8.264498644340234818e-05
4.704797047650016890e-03
7.301725920046263796e-04
1.072001802579158891e-03
