2.736808807785899809e-14
3.893365615450880089e-13
1.888334882587561448e-34
2.572089631809077377e-15
2.765298533038006633e-13
3.918180138677345658e-55
2.338960608812167797e-16
2.405660377194470871e-12
1.519865052145345045e-06
8.953052807581286291e-15
2.931976505679410365e-14
5.357509516895751250e-14
5.634864859203854095e-15
3.207804453043809445e-13
4.014000911631303205e-04
5.710290424845919539e-03
2.769567907051606186e-24
3.772411904517202874e-05
4.055785994611434131e-03
5.746685045129558496e-45
3.430488088657239130e-06
3.528314772907339275e-02
2.229143551245554682e-04
1.313119207643454692e-04
4.300247913992901643e-04
7.857709323250346460e-04
8.264498644339681875e-05
4.704797047649703773e-03
8.141103223704505886e-04
1.194032833739362091e-03
